,parking,number_domain_keywords_en,number_parking_kewords_en,number_together_in_line_keywords_en,keyword_in_title_en,stemmed_keyword_in_title,presence_of_nav,text_alpha_length,number_frames,number_images,domain_in_title,domain_in_text,in_warninglist,number_redirects,different_final_domain,number_links,number_link_same_domain,average_link_length_same_domain,number_different_link_domains,average_link_length,maximum_link_length,link_to_text_ratio,number_non_link_characters,third_party_requests_ratio,third_party_data_ratio,third_party_html_content_ratio,initial_response_size,initial_response_ratio,kword_auction,kword_domain,kword_regist,kword_price,kword_offer,kword_servic,kword_host,kword_websit,kword_contact,kword_site,kword_transfer,kword_héberge,kword_internet,kword_serveur,kword_découvr,kword_mainten
parking,1.0,-0.08742438225649553,0.15728730077406888,0.3023375124951878,0.4891833144101731,0.4634018006610879,-0.3542502971629519,-0.09461945313999731,-0.21097991880638012,-0.1497314492148686,0.3568733798885579,0.35838395919596344,0.2819574435974337,-0.1753977842142231,-0.04244119208381391,-0.18388906516512465,-0.1056568841454495,-0.106609113181935,-0.15831382202806277,0.03295083460598545,-0.20335709288111095,-0.18947696524996077,-0.07959584108106327,0.027125939100702507,0.0478510766644382,-0.07546110606670593,0.03774103257097603,0.23578751713655408,0.002081960447401516,0.14979971037245327,-0.025512475725856732,-0.12077849005167633,0.06560914493160254,-0.1450436681027124,-0.03804241513714906,0.06879905642624463,-0.09097196572320523,-0.11456959036741854,0.0608833318836204,0.030071754994964447,-0.06448143480233291,-0.03091360869553117,-0.09708012408012384,-0.014787252310807162
number_domain_keywords_en,-0.08742438225649553,1.0,0.27310281267869424,0.14315461855841946,-0.02507758750441207,-0.01225013824880189,-0.006077517832056269,0.021301877933345394,0.05004479437814218,0.052714150671542837,0.08564653721044191,-0.06125614429695008,-0.002165627569053394,0.06011756363524024,0.1482794005422162,0.22988333197145913,-0.005715539380693293,0.08515102011295728,0.05329780759112719,0.18743813212181074,0.20651629501199695,0.2312922979890863,0.013358209608512358,0.12268800536753491,0.08945088745055535,0.13007444321724107,0.011358689921587107,-0.03874102467121269,0.048738989321935905,0.2840722861996001,0.1983725055370661,0.3484254441815116,0.2845849431239618,0.3239877145823612,0.1029875204803567,0.25953081295570235,0.1590427271122968,0.6568088036792699,0.17238375517188187,-0.00414300610510368,0.13874938717545546,0.006402457957255349,0.0428197428710233,0.1343453525009318
number_parking_kewords_en,0.15728730077406888,0.27310281267869424,1.0,0.3510782822294547,0.14521361689748152,0.17948885155042765,-0.0696603906722209,-0.008630698406246032,0.012283284939350509,-0.016462523582692786,-0.020015511055726336,0.09591917589927529,0.32538970644439513,0.004295806740377727,0.05219958050577151,0.0011010404496405951,-0.0004836007285087318,0.006143285315166513,-0.008859995217237439,0.11296179867141894,0.043091965189766386,0.04223565840091939,-0.009445300886091508,0.09586275882930233,0.0033239537108426666,0.03798526328577622,0.23096872569914897,0.19993019398126574,0.15510246233306657,0.7839903949786242,0.33542724834935095,0.372097506552868,0.5475523057555425,0.20416297012738466,0.37191434282100366,0.8420497348652936,0.0878284462994773,0.3853530259300019,0.2616125986395255,-0.012842087068008493,0.12588095903387037,-0.004023356698907196,0.0009854215161263897,-0.0054597896408587
number_together_in_line_keywords_en,0.3023375124951878,0.14315461855841946,0.3510782822294547,1.0,0.3106113884836049,0.2963609709875471,-0.07922100405593409,-0.041075035565978524,0.04808841721457982,-0.025029442173972877,0.2924538716187208,0.2538634003196842,0.3877673288536053,0.00798471971946325,0.18420875466446734,-0.04186197414098389,-0.034850411291523636,0.17776833881185725,-0.001712434054603694,0.1820663585208864,0.11610599235893766,0.014958059090200352,-0.03715089719138771,0.2353675921108253,0.19236896088447641,0.15946854289302734,0.005515609627290481,-0.021304179562452105,0.20542446569557427,0.35348522442044644,0.21774816137473252,0.16427501285667154,0.3966096999102804,0.26549795567245765,0.1507676675413297,0.23564220257989146,0.19443556580158067,0.15706721785891672,0.3706140282076159,0.008973613791549357,0.07794726732171617,0.015119912517788115,0.022106687686922328,0.14011813746498458
keyword_in_title_en,0.4891833144101731,-0.02507758750441207,0.14521361689748152,0.3106113884836049,1.0,0.8356744704047644,-0.11894067226768505,-0.07051193081903809,-0.13815951059052883,-0.1117194302171061,0.18510922477290576,0.2657357820941362,0.17521078283871797,-0.14059696271754302,-0.013147275735567683,-0.11380289773089883,-0.0736065088440773,-0.08329425570976903,-0.06057962450758733,-0.02754506375786909,-0.16987506046775366,-0.1427600194617213,-0.0606693852820085,-0.018719730111162063,-0.03521232553267229,-0.06133537634624766,-0.03317904810469585,0.18557169709827764,0.016543650381690714,0.16145393473838934,-0.00021289539287375352,-0.01112314036156293,0.13368129136456836,0.02714073973210653,0.01872000644793178,0.11254230965992999,0.09238042285761643,0.025822368884915417,0.05017988747825604,0.04400441800761596,-0.08366792584549616,-0.019981045227012047,-0.037944420495527494,0.13170630219035748
stemmed_keyword_in_title,0.4634018006610879,-0.01225013824880189,0.17948885155042765,0.2963609709875471,0.8356744704047644,1.0,-0.05071104845061488,-0.06502778709761091,-0.16713669850050233,-0.10413839413385952,0.14365928359348462,0.19948436476399137,0.18239055537745288,-0.1642099298187369,-0.012809896079910982,-0.10635913939404068,-0.05969782285855645,-0.06585531722159768,-0.06563462395765247,-0.022421068984396268,-0.1529117338939188,-0.11714203560853215,-0.055655135012577184,-0.03497633171715964,-0.05032892515700662,-0.057409469962659145,-0.009025690916029635,0.24917717677442539,0.01970387544161262,0.17563039998129223,0.012002420127034822,0.015611735101149243,0.11884320810435112,0.08010720113920262,0.013350952391216453,0.15321472465214467,0.11157138370037759,0.066617607634463,0.06798564868801024,0.1371534381074785,0.019433587923858468,0.08610666307322337,0.040135313644566996,0.15688629408252913
presence_of_nav,-0.3542502971629519,-0.006077517832056269,-0.0696603906722209,-0.07922100405593409,-0.11894067226768505,-0.05071104845061488,1.0,0.16076121309454422,0.34697240977248256,0.16966594833029364,-0.07122871163819094,-0.04196057462697217,-0.15212776585113294,0.16834139650026145,0.12639976560348704,0.26535368356069655,0.1784781337442747,-0.0006098983497647984,0.24534056433607873,-0.04207443766633727,0.17075041579870354,0.34946617234337485,0.135406087498193,0.10656628397241397,0.040435064264898714,0.1422219156390829,0.012282627202108732,-0.17360485975878734,0.06251553845996312,-0.07576870596120559,-0.07064613652505758,4.298926651944479e-05,0.016845249709441245,0.13944615093763169,0.10285997897782269,0.013683545378396406,0.08964929136174343,0.10271338936431357,-0.10022177509162358,0.06645354757628473,0.14456854296974547,0.10513372858677904,0.17785514590663207,0.0369121991425015
text_alpha_length,-0.09461945313999731,0.021301877933345394,-0.008630698406246032,-0.041075035565978524,-0.07051193081903809,-0.06502778709761091,0.16076121309454422,1.0,0.13511936653650639,0.9429690941520349,-0.03779819404060683,0.09777208369019334,-0.027410446437092745,0.05950423107612205,-0.03412054347151603,0.6876041987248196,0.18478254339632,0.0571530232492405,0.4890476739932941,-0.01209746737106184,0.08640791211314007,0.005401859522873411,0.991751040458543,0.032741756751338495,0.008098779911395211,0.009830791751626988,0.18015729797011082,-0.028683370813740523,0.0017200720061830259,-0.008037759382123028,0.1843170702744192,0.003456787113767839,0.09172969052799536,0.13493252815728507,0.012972207718318121,0.031171108708009168,-0.010648387128381832,0.021014300941326287,-0.010766720918104353,0.02791324868723438,0.40274589959118684,0.035159442712730596,0.028836286618735017,-0.015378645887903896
number_frames,-0.21097991880638012,0.05004479437814218,0.012283284939350509,0.04808841721457982,-0.13815951059052883,-0.16713669850050233,0.34697240977248256,0.13511936653650639,1.0,0.20798473615812368,0.08296211204996257,0.02961867838956671,-0.026541740222757376,0.5335482247694103,0.08362122535232638,0.433802115957898,0.3257229592030426,0.15458898417251868,0.42125215792732423,0.08440904654638245,0.364644648265272,0.44668569333886476,0.08071362528013291,0.2962018524225583,0.20106078491591448,0.2167687130117406,0.1657536721899586,-0.1501770137114823,0.07256832386745508,0.038104672943378576,0.03506856558558638,0.2007614547467893,0.12460259463142068,0.06234908533895174,0.15158126414754625,0.029511148580905866,-0.013779094260234631,0.09383217696385669,0.018220705378802375,-0.036068972586319234,0.07960853434252042,-0.016576266156536606,-0.01767089736644526,-0.010478750287290419
number_images,-0.1497314492148686,0.052714150671542837,-0.016462523582692786,-0.025029442173972877,-0.1117194302171061,-0.10413839413385952,0.16966594833029364,0.9429690941520349,0.20798473615812368,1.0,-0.01570444634850826,0.04671351249823103,-0.04904586999633264,0.23481976279356603,0.023321508471462606,0.6873727137305626,0.14979280109697762,0.11442305822145737,0.5985429361190922,0.0595688698031005,0.18535075482996444,0.12862185464337816,0.9345298721396024,0.08625686656023576,0.04798491778816837,0.07263742709181985,0.1681641949138527,-0.05898092378444635,0.019004926112704067,-0.013954287894280548,0.30974768471751124,0.020184826779392036,0.08725495319002904,0.11681781440740029,0.017987757352069762,0.009978812636514997,-0.014574229530651291,0.01007395243521047,-0.014690456276309346,-0.001842809144729756,0.3400850851202806,0.007217998505686186,0.004485422535775535,-0.02294116051661443
domain_in_title,0.3568733798885579,0.08564653721044191,-0.020015511055726336,0.2924538716187208,0.18510922477290576,0.14365928359348462,-0.07122871163819094,-0.03779819404060683,0.08296211204996257,-0.01570444634850826,1.0,0.5682202916312151,0.32034635446452175,0.050904350964511014,0.11390519515435255,0.05295412649746258,0.08248774140678135,0.13094382381248745,-0.01731304189145286,0.20203342201692226,0.1257180778857967,0.14086713071265894,-0.049559362933892626,0.17485400688355823,0.17233485490248313,0.15873641370347613,-0.08303648198405185,-0.1205054531184713,0.004962734650306845,0.012915835456987209,0.08994244873225662,-0.09753508141851794,0.027571997533501494,-0.08470791143829641,-0.07633948701870656,-0.08559520220706528,-0.08061878696539063,-0.0547075555386069,0.030318386877201398,0.040148816016558425,-0.05413168800162534,-0.004581001722269657,-0.03440493297694826,-0.037639118996338185
domain_in_text,0.35838395919596344,-0.06125614429695008,0.09591917589927529,0.2538634003196842,0.2657357820941362,0.19948436476399137,-0.04196057462697217,0.09777208369019334,0.02961867838956671,0.04671351249823103,0.5682202916312151,1.0,0.2817743691682375,-0.06317260771020435,0.009209204217506966,0.08694201866619036,0.07100517808463026,0.041981960092410585,-0.024142228379404253,0.06687027081705381,-0.0539951934130543,-0.024389766124375663,0.09051007911496912,0.10449580601727379,0.11771241330808258,0.022468335404754597,-0.0744067595933229,-0.0702856851600866,0.010540765495158139,0.13168253013964026,-0.011330438892543098,-0.09521133855381725,0.09733462539578423,-0.07156582104749845,-0.0403542805625528,0.07162459256872807,-0.08716019345792314,-0.08168701985418396,-0.005071115327357366,0.02759400383836663,-0.01940943058149807,-0.02390993101292565,-0.03524607144578112,-0.07644872871369533
in_warninglist,0.2819574435974337,-0.002165627569053394,0.32538970644439513,0.3877673288536053,0.17521078283871797,0.18239055537745288,-0.15212776585113294,-0.027410446437092745,-0.026541740222757376,-0.04904586999633264,0.32034635446452175,0.2817743691682375,1.0,-0.07103882793145937,-0.12750326333067852,-0.06149312196985992,-0.029096069244165093,0.27515409468134633,-0.06751155700640941,0.2799827531992566,0.08373183538950571,0.007410141876455902,-0.022481282835752823,0.04424614284731619,0.007012089059124719,-0.0735327158479157,0.100699245488494,0.09778134745336524,-0.022973513786648213,0.1281554068630525,-0.03825201402177418,-0.04509095484258023,0.06845505351461574,-0.04466055643891507,0.13850281454756705,0.10574201043438959,-0.020195534549735713,-0.0013581187159350666,0.0864339801785681,-0.0348939429103698,-0.05553733610856963,-0.02724070759194487,-0.041371051334442514,-0.04803120990012009
number_redirects,-0.1753977842142231,0.06011756363524024,0.004295806740377727,0.00798471971946325,-0.14059696271754302,-0.1642099298187369,0.16834139650026145,0.05950423107612205,0.5335482247694103,0.23481976279356603,0.050904350964511014,-0.06317260771020435,-0.07103882793145937,1.0,0.107351316450888,0.2401647744970771,0.041847139363375294,0.18277807353092668,0.5526564980924189,0.2008769069686695,0.4191704150748962,0.35842314584712187,0.037539002985282496,0.1825775845354511,0.09738569285660506,0.10460605095294928,0.1427660619242182,-0.10996767012068201,-0.006811065904089096,0.05245287897636158,0.45084671265597076,0.16555087093132076,0.04512596500024752,0.03983750828711426,0.04928419218153033,0.009090102575061612,-0.02697173402984286,-0.02501441864780615,0.09252358083926757,-0.040550576936735465,-0.01665435706672015,-0.027674653511474915,-0.029993996639831513,-0.04630782314699759
different_final_domain,-0.04244119208381391,0.1482794005422162,0.05219958050577151,0.18420875466446734,-0.013147275735567683,-0.012809896079910982,0.12639976560348704,-0.03412054347151603,0.08362122535232638,0.023321508471462606,0.11390519515435255,0.009209204217506966,-0.12750326333067852,0.107351316450888,1.0,0.040590829619260395,-0.0228186055923746,0.12633855197645535,0.0939831644868182,0.05497099157238039,0.07804126237453635,0.15246890329349347,-0.0357997531209109,0.5600343577678287,0.5776519420722505,0.8803394172393882,-0.22167059724680177,-0.22521411305627148,0.13432917196149677,0.08325539402769995,0.14263782258633362,0.0009354839793150235,0.13499052397750133,0.06763719618150958,0.039592299420825774,0.0943124788856485,-0.06823294829401089,0.1415440342930534,0.10262103586527793,-0.009238975634156368,0.051461074356897986,-0.0057602119954077505,-0.01236884562847534,-0.06559832682206723
number_links,-0.18388906516512465,0.22988333197145913,0.0011010404496405951,-0.04186197414098389,-0.11380289773089883,-0.10635913939404068,0.26535368356069655,0.6876041987248196,0.433802115957898,0.6873727137305626,0.05295412649746258,0.08694201866619036,-0.06149312196985992,0.2401647744970771,0.040590829619260395,1.0,0.7217669381231204,0.09733320458343998,0.6099144050983079,0.08066402947275977,0.23795592573657162,0.3670039131436041,0.5971537487494064,0.13285581262923268,0.06538038214174871,0.06606790070444221,0.30381095342769854,-0.07092688839807501,0.029113450362252304,0.023105634867825086,0.19380864828924926,0.14214530885184662,0.06293360615804909,0.11128388190273851,0.04892621109939966,0.015970181325204922,-0.028034974702497377,0.11700809199293673,-0.014273423347281048,0.04145675229379019,0.2767821308576536,0.05707453705049976,0.04323325151252913,-0.021776408762730133
number_link_same_domain,-0.1056568841454495,-0.005715539380693293,-0.0004836007285087318,-0.034850411291523636,-0.0736065088440773,-0.05969782285855645,0.1784781337442747,0.18478254339632,0.3257229592030426,0.14979280109697762,0.08248774140678135,0.07100517808463026,-0.029096069244165093,0.041847139363375294,-0.0228186055923746,0.7217669381231204,1.0,0.059758496723888894,0.1077275458172073,0.05887028948817295,0.1236052494824648,0.252364875124227,0.06284929161742224,0.062070465484226726,0.014751549820803919,-0.017303759967343433,0.28877485492324234,-0.028273241165557315,0.038170866468724605,0.005287776791972973,0.007859728913283537,0.11185860515768818,-0.007011345967300114,0.007723215662619975,0.04144131262090202,-0.008262382467376405,-0.019426764389476433,0.0003127781299882493,-0.015215624016762614,0.08052210168820524,0.08999180802390631,0.09416023393387243,0.08097460936781113,-0.013996226236641108
average_link_length_same_domain,-0.106609113181935,0.08515102011295728,0.006143285315166513,0.17776833881185725,-0.08329425570976903,-0.06585531722159768,-0.0006098983497647984,0.0571530232492405,0.15458898417251868,0.11442305822145737,0.13094382381248745,0.041981960092410585,0.27515409468134633,0.18277807353092668,0.12633855197645535,0.09733320458343998,0.059758496723888894,1.0,0.10867030962441945,0.7330658829180056,0.572151190922152,0.26596394992123595,0.04990581231120967,0.21245167610271215,0.1745353796160525,0.1260907359986361,0.006179196131619513,-0.1088065245249217,0.026862129456441935,0.03450933752572116,0.29588140359098336,0.19089151229018955,0.0326227243918092,0.08940183176672273,0.031845106434107165,0.032291417951652364,-0.015798590126175856,0.0627081142574246,0.13514473985301773,-0.020132372331215582,0.016608345666880422,0.0014675148727729184,-0.006882604989527517,-0.05456533603400843
number_different_link_domains,-0.15831382202806277,0.05329780759112719,-0.008859995217237439,-0.001712434054603694,-0.06057962450758733,-0.06563462395765247,0.24534056433607873,0.4890476739932941,0.42125215792732423,0.5985429361190922,-0.01731304189145286,-0.024142228379404253,-0.06751155700640941,0.5526564980924189,0.0939831644868182,0.6099144050983079,0.1077275458172073,0.10867030962441945,1.0,0.05955467046071874,0.2713882672470704,0.4303618997747909,0.45956910232290105,0.15865793167273984,0.07622135595157126,0.11161733604405218,0.18788780696590204,-0.08632552082643266,0.025344309525100663,0.0655339998057547,0.3771424457107891,0.14728738851653833,0.06895373163823594,0.06138470725062146,0.022101848280000322,0.005998203592178846,-0.03519922585886047,0.032733850925511426,0.005931551999167504,-0.03316443247270367,0.17110459926538646,-0.02281305231567347,-0.02711911691046073,-0.008194296131111672
average_link_length,0.03295083460598545,0.18743813212181074,0.11296179867141894,0.1820663585208864,-0.02754506375786909,-0.022421068984396268,-0.04207443766633727,-0.01209746737106184,0.08440904654638245,0.0595688698031005,0.20203342201692226,0.06687027081705381,0.2799827531992566,0.2008769069686695,0.05497099157238039,0.08066402947275977,0.05887028948817295,0.7330658829180056,0.05955467046071874,1.0,0.6888444329406295,0.3667452010826729,-0.021452579364665138,0.1697988673802102,0.08565529615880421,0.04557090905589638,0.1127456438621376,0.010932476708204134,0.011845237005829257,0.04381982510070919,0.3168060444661436,0.08188740842131893,-0.04921738039778366,-0.031108508045055962,0.09647159972049106,0.053714198712761015,-0.06429125942715895,0.06212293655959652,0.02752464433233741,0.03408056640529119,-0.017151286326351472,0.02648757458742603,0.008650801225924041,-0.07180526693222233
maximum_link_length,-0.20335709288111095,0.20651629501199695,0.043091965189766386,0.11610599235893766,-0.16987506046775366,-0.1529117338939188,0.17075041579870354,0.08640791211314007,0.364644648265272,0.18535075482996444,0.1257180778857967,-0.0539951934130543,0.08373183538950571,0.4191704150748962,0.07804126237453635,0.23795592573657162,0.1236052494824648,0.572151190922152,0.2713882672470704,0.6888444329406295,1.0,0.4643343900982899,0.06732223486459624,0.2817177346920708,0.19560378990225918,0.13685772047329192,0.12533158678932696,-0.1108231936506179,0.051434094268775356,0.05901381032812558,0.3139471877590445,0.231904848873445,0.020167471457196186,0.08784618623182774,0.07493160263238821,0.055970546616907535,-0.02016773348150419,0.09149196706956289,0.11827962882265293,0.021313642810321814,0.034707013058935816,0.0303631820647592,0.01174062093524288,-0.066306783853733
link_to_text_ratio,-0.18947696524996077,0.2312922979890863,0.04223565840091939,0.014958059090200352,-0.1427600194617213,-0.11714203560853215,0.34946617234337485,0.005401859522873411,0.44668569333886476,0.12862185464337816,0.14086713071265894,-0.024389766124375663,0.007410141876455902,0.35842314584712187,0.15246890329349347,0.3670039131436041,0.252364875124227,0.26596394992123595,0.4303618997747909,0.3667452010826729,0.4643343900982899,1.0,-0.0440714708297846,0.15442917398463493,0.06328213974598396,0.18553481852649786,0.11157304072645051,-0.09412680119921567,0.07257959793270694,0.05304545032357689,0.17211157889310863,0.0918730827534966,0.054556242737912736,0.0878794039655802,0.05672439152242332,0.040136786095579906,0.02076267800640861,0.14214895460029145,0.0031138137723552817,-0.009778592843412476,0.030184802298453703,-0.0028278810468052888,-0.021716604873359874,-0.038878755664700115
number_non_link_characters,-0.07959584108106327,0.013358209608512358,-0.009445300886091508,-0.03715089719138771,-0.0606693852820085,-0.055655135012577184,0.135406087498193,0.991751040458543,0.08071362528013291,0.9345298721396024,-0.049559362933892626,0.09051007911496912,-0.022481282835752823,0.037539002985282496,-0.0357997531209109,0.5971537487494064,0.06284929161742224,0.04990581231120967,0.45956910232290105,-0.021452579364665138,0.06732223486459624,-0.0440714708297846,1.0,0.02064780435929312,0.00471073714686175,0.009168038640223967,0.14288891086532052,-0.02381626174791937,-0.0013011999813514583,-0.010014977126766156,0.1815172223948962,-0.017193151661795834,0.08932640177717609,0.133495139327838,0.008992033053037819,0.03270574510197086,-0.008539754219129033,0.014836029600629737,-0.00907822774059332,0.023004383399910396,0.3974753412406124,0.028721254134165403,0.023768406785513063,-0.013257287866674948
third_party_requests_ratio,0.027125939100702507,0.12268800536753491,0.09586275882930233,0.2353675921108253,-0.018719730111162063,-0.03497633171715964,0.10656628397241397,0.032741756751338495,0.2962018524225583,0.08625686656023576,0.17485400688355823,0.10449580601727379,0.04424614284731619,0.1825775845354511,0.5600343577678287,0.13285581262923268,0.062070465484226726,0.21245167610271215,0.15865793167273984,0.1697988673802102,0.2817177346920708,0.15442917398463493,0.02064780435929312,1.0,0.9143285287893063,0.6420039438650926,0.022155268451316445,-0.28478504544302646,0.08935645750635551,0.10866905092118734,0.16893290547250633,0.19787008229739297,0.12158963474008788,0.008253297632321303,0.10608201173134728,0.14770577384737574,-0.11806631382521482,0.13455111374110892,0.1300517727842258,0.028364051367233665,0.0355752099318791,-0.011585086247162734,-0.046383536180515786,-0.11126895266447943
third_party_data_ratio,0.0478510766644382,0.08945088745055535,0.0033239537108426666,0.19236896088447641,-0.03521232553267229,-0.05032892515700662,0.040435064264898714,0.008098779911395211,0.20106078491591448,0.04798491778816837,0.17233485490248313,0.11771241330808258,0.007012089059124719,0.09738569285660506,0.5776519420722505,0.06538038214174871,0.014751549820803919,0.1745353796160525,0.07622135595157126,0.08565529615880421,0.19560378990225918,0.06328213974598396,0.00471073714686175,0.9143285287893063,1.0,0.6531764889317687,-0.18838378903695976,-0.3782974561399253,0.07755632589876232,0.06050498753810566,0.13605371636408156,0.14799025783362754,0.08925630217384062,-0.058355034245340005,0.015585452024161416,0.07929965474500346,-0.12312874861920128,0.08166598285697566,0.047907065799213146,0.03295648284330301,-0.0015075175570683802,-0.0010922843606673753,-0.0538487609031839,-0.1343227337280083
third_party_html_content_ratio,-0.07546110606670593,0.13007444321724107,0.03798526328577622,0.15946854289302734,-0.06133537634624766,-0.057409469962659145,0.1422219156390829,0.009830791751626988,0.2167687130117406,0.07263742709181985,0.15873641370347613,0.022468335404754597,-0.0735327158479157,0.10460605095294928,0.8803394172393882,0.06606790070444221,-0.017303759967343433,0.1260907359986361,0.11161733604405218,0.04557090905589638,0.13685772047329192,0.18553481852649786,0.009168038640223967,0.6420039438650926,0.6531764889317687,1.0,-0.23814333146313715,-0.27115563167659895,0.12056231475357798,0.06466374566062673,0.13714566033825232,-0.014549190154905403,0.10821412276366438,0.04418892977615769,0.035482593686366276,0.07321362729528183,-0.08559745533656056,0.11651565098968748,0.07310256715425592,0.011035118974724282,0.06576613459931152,0.013401036184717044,-0.015715071501591245,-0.07720668332265963
initial_response_size,0.03774103257097603,0.011358689921587107,0.23096872569914897,0.005515609627290481,-0.03317904810469585,-0.009025690916029635,0.012282627202108732,0.18015729797011082,0.1657536721899586,0.1681641949138527,-0.08303648198405185,-0.0744067595933229,0.100699245488494,0.1427660619242182,-0.22167059724680177,0.30381095342769854,0.28877485492324234,0.006179196131619513,0.18788780696590204,0.1127456438621376,0.12533158678932696,0.11157304072645051,0.14288891086532052,0.022155268451316445,-0.18838378903695976,-0.23814333146313715,1.0,0.4117311734854882,-0.030643838110034724,0.07889834867042325,0.010818684293998373,0.14538271369656555,-0.009925432594039996,0.014951025517713998,0.13675862885975454,0.1379708405793027,0.025660981289836758,0.05367221760137515,0.03173715304515938,0.011567382580867652,0.08151525316067769,0.030995670269649396,0.030201688749434342,0.014111001961485688
initial_response_ratio,0.23578751713655408,-0.03874102467121269,0.19993019398126574,-0.021304179562452105,0.18557169709827764,0.24917717677442539,-0.17360485975878734,-0.028683370813740523,-0.1501770137114823,-0.05898092378444635,-0.1205054531184713,-0.0702856851600866,0.09778134745336524,-0.10996767012068201,-0.22521411305627148,-0.07092688839807501,-0.028273241165557315,-0.1088065245249217,-0.08632552082643266,0.010932476708204134,-0.1108231936506179,-0.09412680119921567,-0.02381626174791937,-0.28478504544302646,-0.3782974561399253,-0.27115563167659895,0.4117311734854882,1.0,-0.032013011838734895,0.0354673187254465,-0.05925572107261419,-0.08118255677925693,-0.07742793727287064,-0.08356092979173232,0.10205376135406916,0.08580097057133694,-0.03366093965601083,-0.04334477042747861,-0.019793457834898474,-0.01076819727581254,-0.038460328893356946,-0.022437272404948222,-0.04628582922108124,-0.04738095096038159
kword_auction,0.002081960447401516,0.048738989321935905,0.15510246233306657,0.20542446569557427,0.016543650381690714,0.01970387544161262,0.06251553845996312,0.0017200720061830259,0.07256832386745508,0.019004926112704067,0.004962734650306845,0.010540765495158139,-0.022973513786648213,-0.006811065904089096,0.13432917196149677,0.029113450362252304,0.038170866468724605,0.026862129456441935,0.025344309525100663,0.011845237005829257,0.051434094268775356,0.07257959793270694,-0.0013011999813514583,0.08935645750635551,0.07755632589876232,0.12056231475357798,-0.030643838110034724,-0.032013011838734895,1.0,0.2068784488996366,0.10279302935539765,0.08774023155351697,0.13898908685106987,0.026525340874594884,0.7201899732941182,0.1458184199052361,0.004263968920230513,0.05640941460900106,0.03308275369618278,-0.015416086125421067,0.012901967256601154,-0.012034899450415328,0.0016755766246774031,0.04828718035715366
kword_domain,0.14979971037245327,0.2840722861996001,0.7839903949786242,0.35348522442044644,0.16145393473838934,0.17563039998129223,-0.07576870596120559,-0.008037759382123028,0.038104672943378576,-0.013954287894280548,0.012915835456987209,0.13168253013964026,0.1281554068630525,0.05245287897636158,0.08325539402769995,0.023105634867825086,0.005287776791972973,0.03450933752572116,0.0655339998057547,0.04381982510070919,0.05901381032812558,0.05304545032357689,-0.010014977126766156,0.10866905092118734,0.06050498753810566,0.06466374566062673,0.07889834867042325,0.0354673187254465,0.2068784488996366,1.0,0.5048101209776265,0.5432671839558588,0.7149426251836158,0.22629897348782185,0.17866895417122222,0.8466551446742763,0.08346788086952334,0.37820869295921494,0.33891107674842197,0.051373209703756285,0.1379124992966476,0.0473264764944595,0.047843864949582995,0.03675007495390627
kword_regist,-0.025512475725856732,0.1983725055370661,0.33542724834935095,0.21774816137473252,-0.00021289539287375352,0.012002420127034822,-0.07064613652505758,0.1843170702744192,0.03506856558558638,0.30974768471751124,0.08994244873225662,-0.011330438892543098,-0.03825201402177418,0.45084671265597076,0.14263782258633362,0.19380864828924926,0.007859728913283537,0.29588140359098336,0.3771424457107891,0.3168060444661436,0.3139471877590445,0.17211157889310863,0.1815172223948962,0.16893290547250633,0.13605371636408156,0.13714566033825232,0.010818684293998373,-0.05925572107261419,0.10279302935539765,0.5048101209776265,1.0,0.37005115447169346,0.3869418267970053,0.20035617920415638,0.0428651558405326,0.44541255260681883,0.072946683225872,0.18930346267663986,0.20536797897006087,0.0025526917205577946,0.12100848121849754,0.0064979560636237365,-0.006404002229894722,0.03872644645878949
kword_price,-0.12077849005167633,0.3484254441815116,0.372097506552868,0.16427501285667154,-0.01112314036156293,0.015611735101149243,4.298926651944479e-05,0.003456787113767839,0.2007614547467893,0.020184826779392036,-0.09753508141851794,-0.09521133855381725,-0.04509095484258023,0.16555087093132076,0.0009354839793150235,0.14214530885184662,0.11185860515768818,0.19089151229018955,0.14728738851653833,0.08188740842131893,0.231904848873445,0.0918730827534966,-0.017193151661795834,0.19787008229739297,0.14799025783362754,-0.014549190154905403,0.14538271369656555,-0.08118255677925693,0.08774023155351697,0.5432671839558588,0.37005115447169346,1.0,0.4788987648810266,0.1791398986286445,0.05091253319085004,0.5300441613089162,0.1410706208826062,0.61554430653341,0.21147558821231685,-0.04625845616226987,0.0799971030027044,-0.03164869614734235,0.005454435560362282,0.03680574592036534
kword_offer,0.06560914493160254,0.2845849431239618,0.5475523057555425,0.3966096999102804,0.13368129136456836,0.11884320810435112,0.016845249709441245,0.09172969052799536,0.12460259463142068,0.08725495319002904,0.027571997533501494,0.09733462539578423,0.06845505351461574,0.04512596500024752,0.13499052397750133,0.06293360615804909,-0.007011345967300114,0.0326227243918092,0.06895373163823594,-0.04921738039778366,0.020167471457196186,0.054556242737912736,0.08932640177717609,0.12158963474008788,0.08925630217384062,0.10821412276366438,-0.009925432594039996,-0.07742793727287064,0.13898908685106987,0.7149426251836158,0.3869418267970053,0.4788987648810266,1.0,0.456024587147349,0.06340192078814245,0.6388544920943349,0.2930420210841231,0.5421350041871298,0.46841608304356125,-0.026384136619092304,0.3800072316477001,-0.002472432411272999,0.0864296899584498,0.2791492164525681
kword_servic,-0.1450436681027124,0.3239877145823612,0.20416297012738466,0.26549795567245765,0.02714073973210653,0.08010720113920262,0.13944615093763169,0.13493252815728507,0.06234908533895174,0.11681781440740029,-0.08470791143829641,-0.07156582104749845,-0.04466055643891507,0.03983750828711426,0.06763719618150958,0.11128388190273851,0.007723215662619975,0.08940183176672273,0.06138470725062146,-0.031108508045055962,0.08784618623182774,0.0878794039655802,0.133495139327838,0.008253297632321303,-0.058355034245340005,0.04418892977615769,0.014951025517713998,-0.08356092979173232,0.026525340874594884,0.22629897348782185,0.20035617920415638,0.1791398986286445,0.456024587147349,1.0,0.09559488585509236,0.2527917137947328,0.698582104851832,0.42916002124369007,0.5409186998001463,0.08539510292006985,0.4604286313334691,0.10170013766269016,0.16063790327434543,0.5425923924691076
kword_host,-0.03804241513714906,0.1029875204803567,0.37191434282100366,0.1507676675413297,0.01872000644793178,0.013350952391216453,0.10285997897782269,0.012972207718318121,0.15158126414754625,0.017987757352069762,-0.07633948701870656,-0.0403542805625528,0.13850281454756705,0.04928419218153033,0.039592299420825774,0.04892621109939966,0.04144131262090202,0.031845106434107165,0.022101848280000322,0.09647159972049106,0.07493160263238821,0.05672439152242332,0.008992033053037819,0.10608201173134728,0.015585452024161416,0.035482593686366276,0.13675862885975454,0.10205376135406916,0.7201899732941182,0.17866895417122222,0.0428651558405326,0.05091253319085004,0.06340192078814245,0.09559488585509236,1.0,0.24246353668935272,0.020463269360246897,0.15203219503117715,0.06248292042930122,-0.005502456066045343,0.0385607578837321,-0.005248963617689004,0.002764500221309593,0.03296261332785715
kword_websit,0.06879905642624463,0.25953081295570235,0.8420497348652936,0.23564220257989146,0.11254230965992999,0.15321472465214467,0.013683545378396406,0.031171108708009168,0.029511148580905866,0.009978812636514997,-0.08559520220706528,0.07162459256872807,0.10574201043438959,0.009090102575061612,0.0943124788856485,0.015970181325204922,-0.008262382467376405,0.032291417951652364,0.005998203592178846,0.053714198712761015,0.055970546616907535,0.040136786095579906,0.03270574510197086,0.14770577384737574,0.07929965474500346,0.07321362729528183,0.1379708405793027,0.08580097057133694,0.1458184199052361,0.8466551446742763,0.44541255260681883,0.5300441613089162,0.6388544920943349,0.2527917137947328,0.24246353668935272,1.0,0.08931800756500635,0.4403940255569976,0.36933640275076896,-0.007974122185464751,0.10984624074039094,-0.005568194927639135,-0.018859802230010873,-0.009416961586848467
kword_contact,-0.09097196572320523,0.1590427271122968,0.0878284462994773,0.19443556580158067,0.09238042285761643,0.11157138370037759,0.08964929136174343,-0.010648387128381832,-0.013779094260234631,-0.014574229530651291,-0.08061878696539063,-0.08716019345792314,-0.020195534549735713,-0.02697173402984286,-0.06823294829401089,-0.028034974702497377,-0.019426764389476433,-0.015798590126175856,-0.03519922585886047,-0.06429125942715895,-0.02016773348150419,0.02076267800640861,-0.008539754219129033,-0.11806631382521482,-0.12312874861920128,-0.08559745533656056,0.025660981289836758,-0.03366093965601083,0.004263968920230513,0.08346788086952334,0.072946683225872,0.1410706208826062,0.2930420210841231,0.698582104851832,0.020463269360246897,0.08931800756500635,1.0,0.2503409741854729,0.10318439015337644,-0.014764644694683903,0.19474888344558663,-0.00041824775734573914,0.1146319604148218,0.8029013196291311
kword_site,-0.11456959036741854,0.6568088036792699,0.3853530259300019,0.15706721785891672,0.025822368884915417,0.066617607634463,0.10271338936431357,0.021014300941326287,0.09383217696385669,0.01007395243521047,-0.0547075555386069,-0.08168701985418396,-0.0013581187159350666,-0.02501441864780615,0.1415440342930534,0.11700809199293673,0.0003127781299882493,0.0627081142574246,0.032733850925511426,0.06212293655959652,0.09149196706956289,0.14214895460029145,0.014836029600629737,0.13455111374110892,0.08166598285697566,0.11651565098968748,0.05367221760137515,-0.04334477042747861,0.05640941460900106,0.37820869295921494,0.18930346267663986,0.61554430653341,0.5421350041871298,0.42916002124369007,0.15203219503117715,0.4403940255569976,0.2503409741854729,1.0,0.18662658115638542,0.010924568055986732,0.3957237177290879,0.033991335124904154,0.1633959567472617,0.2814167034417885
kword_transfer,0.0608833318836204,0.17238375517188187,0.2616125986395255,0.3706140282076159,0.05017988747825604,0.06798564868801024,-0.10022177509162358,-0.010766720918104353,0.018220705378802375,-0.014690456276309346,0.030318386877201398,-0.005071115327357366,0.0864339801785681,0.09252358083926757,0.10262103586527793,-0.014273423347281048,-0.015215624016762614,0.13514473985301773,0.005931551999167504,0.02752464433233741,0.11827962882265293,0.0031138137723552817,-0.00907822774059332,0.1300517727842258,0.047907065799213146,0.07310256715425592,0.03173715304515938,-0.019793457834898474,0.03308275369618278,0.33891107674842197,0.20536797897006087,0.21147558821231685,0.46841608304356125,0.5409186998001463,0.06248292042930122,0.36933640275076896,0.10318439015337644,0.18662658115638542,1.0,0.021126003455645567,0.17728927160901906,0.04025479771458263,0.015337424490969278,0.018933330309587153
kword_héberge,0.030071754994964447,-0.00414300610510368,-0.012842087068008493,0.008973613791549357,0.04400441800761596,0.1371534381074785,0.06645354757628473,0.02791324868723438,-0.036068972586319234,-0.001842809144729756,0.040148816016558425,0.02759400383836663,-0.0348939429103698,-0.040550576936735465,-0.009238975634156368,0.04145675229379019,0.08052210168820524,-0.020132372331215582,-0.03316443247270367,0.03408056640529119,0.021313642810321814,-0.009778592843412476,0.023004383399910396,0.028364051367233665,0.03295648284330301,0.011035118974724282,0.011567382580867652,-0.01076819727581254,-0.015416086125421067,0.051373209703756285,0.0025526917205577946,-0.04625845616226987,-0.026384136619092304,0.08539510292006985,-0.005502456066045343,-0.007974122185464751,-0.014764644694683903,0.010924568055986732,0.021126003455645567,1.0,0.6365196234306045,0.9468529724532297,0.8188836922431137,0.14237138756924786
kword_internet,-0.06448143480233291,0.13874938717545546,0.12588095903387037,0.07794726732171617,-0.08366792584549616,0.019433587923858468,0.14456854296974547,0.40274589959118684,0.07960853434252042,0.3400850851202806,-0.05413168800162534,-0.01940943058149807,-0.05553733610856963,-0.01665435706672015,0.051461074356897986,0.2767821308576536,0.08999180802390631,0.016608345666880422,0.17110459926538646,-0.017151286326351472,0.034707013058935816,0.030184802298453703,0.3974753412406124,0.0355752099318791,-0.0015075175570683802,0.06576613459931152,0.08151525316067769,-0.038460328893356946,0.012901967256601154,0.1379124992966476,0.12100848121849754,0.0799971030027044,0.3800072316477001,0.4604286313334691,0.0385607578837321,0.10984624074039094,0.19474888344558663,0.3957237177290879,0.17728927160901906,0.6365196234306045,1.0,0.6720242072632389,0.6749689190550349,0.3215490056667685
kword_serveur,-0.03091360869553117,0.006402457957255349,-0.004023356698907196,0.015119912517788115,-0.019981045227012047,0.08610666307322337,0.10513372858677904,0.035159442712730596,-0.016576266156536606,0.007217998505686186,-0.004581001722269657,-0.02390993101292565,-0.02724070759194487,-0.027674653511474915,-0.0057602119954077505,0.05707453705049976,0.09416023393387243,0.0014675148727729184,-0.02281305231567347,0.02648757458742603,0.0303631820647592,-0.0028278810468052888,0.028721254134165403,-0.011585086247162734,-0.0010922843606673753,0.013401036184717044,0.030995670269649396,-0.022437272404948222,-0.012034899450415328,0.0473264764944595,0.0064979560636237365,-0.03164869614734235,-0.002472432411272999,0.10170013766269016,-0.005248963617689004,-0.005568194927639135,-0.00041824775734573914,0.033991335124904154,0.04025479771458263,0.9468529724532297,0.6720242072632389,1.0,0.864109191414734,0.12930863336830142
kword_découvr,-0.09708012408012384,0.0428197428710233,0.0009854215161263897,0.022106687686922328,-0.037944420495527494,0.040135313644566996,0.17785514590663207,0.028836286618735017,-0.01767089736644526,0.004485422535775535,-0.03440493297694826,-0.03524607144578112,-0.041371051334442514,-0.029993996639831513,-0.01236884562847534,0.04323325151252913,0.08097460936781113,-0.006882604989527517,-0.02711911691046073,0.008650801225924041,0.01174062093524288,-0.021716604873359874,0.023768406785513063,-0.046383536180515786,-0.0538487609031839,-0.015715071501591245,0.030201688749434342,-0.04628582922108124,0.0016755766246774031,0.047843864949582995,-0.006404002229894722,0.005454435560362282,0.0864296899584498,0.16063790327434543,0.002764500221309593,-0.018859802230010873,0.1146319604148218,0.1633959567472617,0.015337424490969278,0.8188836922431137,0.6749689190550349,0.864109191414734,1.0,0.31369899166528015
