,parking,number_domain_keywords_en,number_parking_kewords_en,number_together_in_line_keywords_en,keyword_in_title_en,stemmed_keyword_in_title,presence_of_nav,text_alpha_length,number_frames,number_images,domain_in_title,domain_in_text,in_warninglist,number_redirects,different_final_domain,number_links,number_link_same_domain,average_link_length_same_domain,number_different_link_domains,average_link_length,maximum_link_length,link_to_text_ratio,number_non_link_characters,third_party_requests_ratio,third_party_data_ratio,third_party_html_content_ratio,initial_response_size,initial_response_ratio,kword_auction,kword_domain,kword_regist,kword_price,kword_offer,kword_servic,kword_host,kword_websit,kword_contact,kword_site,kword_transfer,kword_héberge,kword_internet,kword_serveur,kword_découvr,kword_mainten
parking,1.0,-0.052127052943559564,0.08232022904234446,0.34500402668829006,0.4679062562494334,0.438032925781574,-0.32072148910227705,-0.08461143447401887,-0.18299522676012175,-0.16998962223544414,0.4144823490991,0.18484710035652607,0.58114100637264,-0.12564395978460366,-0.10198049650098678,-0.2030304421108788,-0.1332242532044565,0.07510786105296872,-0.13870763918660964,0.1356690411147018,-0.012179667591823717,-0.21528344204266267,-0.06577146815131024,0.02670768384317114,0.05297477553717151,-0.10044875397895135,0.10495869830691688,0.1666214164298819,-0.00394868773370416,0.12747090832328395,-0.028471186382438302,-0.05455285346360431,-0.026717670015989143,-0.043057634573658486,-0.004501131325222266,-0.019781541259728648,-0.04694642067804369,-0.08871353832641973,0.07916704818824194,0.0645151458865607,-0.059985231146805165,0.015533004653693644,-0.016812295879856238,-0.01785668315907071
number_domain_keywords_en,-0.052127052943559564,1.0,0.2588239305686211,0.22705810067762322,0.0023310304458324525,0.002414656361214829,0.0620661999031501,0.0464723276520745,0.1393225157951427,0.0696158170737406,0.01952598308265145,-0.02160139473184978,-0.0206807001766657,0.04279806971206545,0.13505342961924044,0.12535838644363886,0.03691592927734084,0.023084610539638936,0.03608445288998245,0.07139552717905319,0.11527606644706315,0.0671718156565629,0.040417581927022446,0.13342055118812368,0.11212953703342601,0.12535885509763667,0.010285338781202476,-0.04362935212496593,0.02833372874169427,0.30789754278589615,0.2514274761184634,0.1792741441885825,0.1945587603105007,0.5690014050345554,0.12389099046584363,0.25157011299202214,0.13512190537859284,0.7453012392483931,0.10245037812234051,-0.00025322927091659384,0.08491009166242473,0.006838358165186636,0.03921338347099327,0.06471913247640387
number_parking_kewords_en,0.08232022904234446,0.2588239305686211,1.0,0.34993241461155045,0.07887835101523892,0.07885837641463718,-0.015464826783615675,0.0033038066356034642,0.05100310017375283,0.04579583305138577,0.027230880776529496,0.026112272082113957,0.13141142360819122,0.0011873688671313338,0.0736583266437938,0.030866820775827176,0.0299503818740973,0.004353666294376894,0.013018936066866084,0.057438770011571695,0.07733882138276413,0.004092608533807814,-8.324267935801953e-05,0.10118492904250449,0.053277551261190485,0.06530242726667151,0.16267825270175243,0.08439778589876354,0.04976708755149574,0.3317982182541308,0.29581753810644756,0.4446758946165728,0.24545604525837847,0.06543873842045116,0.2996442724591458,0.342032821201604,0.09046072873270722,0.2607547133303623,0.14365150949469077,-0.007677595791297335,0.09220773161590845,-0.0035973387516891014,0.0035085402196283855,0.022685092996217213
number_together_in_line_keywords_en,0.34500402668829006,0.22705810067762322,0.34993241461155045,1.0,0.2874984771263323,0.27974075377650187,-0.09013338754257881,-0.028224911671188596,0.11521462889885142,0.018887684850432733,0.32462887894394443,0.12914263065500256,0.3474030583535261,-0.0010429072707465884,0.05370134884578562,-0.016657694210039826,-0.018035824814874913,0.05837538828571774,-0.015635793085422733,0.08897571626237898,0.06933873174851797,-0.05782127285779916,-0.026057319005902423,0.18986716361764736,0.1748594936055398,0.05969581752055513,0.020292669755029753,-0.043901357276619944,0.11488443276186204,0.27390234382998996,0.2206330105683223,0.17993073807885365,0.18010322177162547,0.11058911101841006,0.12039508113251203,0.1640642361073851,0.1457582281908307,0.23608155256041868,0.3009728640550334,0.011312803115998218,0.06644748660390994,0.011491728241571783,0.04284709418403519,0.07800569155906979
keyword_in_title_en,0.4679062562494334,0.0023310304458324525,0.07887835101523892,0.2874984771263323,1.0,0.795769031327892,-0.16731936412623086,-0.05449555095742776,-0.12402967744522907,-0.11044672238014336,0.1646681788083416,0.06818887717085112,0.177292211949636,-0.09838914668288792,-0.04636431355786106,-0.12487124885503939,-0.09475655234620936,-0.03781152464660095,-0.06595181289965875,0.008983722585096028,-0.06976294674736644,-0.19752681548805687,-0.04314257504540832,0.011843830531770606,0.014379609202095984,-0.07157005209758885,0.0455776936643093,0.13104284938949318,0.0025651302575322816,0.11962802581814132,0.00471478159354568,-0.038454182363388587,0.04777132393175471,-0.006091284843802643,0.042171875949137745,0.11389405718342732,0.0652463651291303,0.012918396013342916,0.08482271606051954,0.06054424425741211,-0.05317897232022915,0.012820670679395876,0.003924029733144423,0.09120675602359911
stemmed_keyword_in_title,0.438032925781574,0.002414656361214829,0.07885837641463718,0.27974075377650187,0.795769031327892,1.0,-0.12255400231279888,-0.04630283316976958,-0.11255322348318678,-0.10415612730472334,0.1618122798833037,0.05924901508659508,0.1654748751941437,-0.10377837460675658,-0.016056833392191647,-0.11037538443450685,-0.06386860906026215,-0.03178357367236664,-0.07900994999157879,0.007269817357729237,-0.05998956044399715,-0.17303455985073507,-0.03644444558886504,0.03280526604543898,0.028063618013234006,-0.04610173428762729,0.052574415740525265,0.12404060141472226,0.0027882381914567183,0.12071521094950628,0.012955241028048528,-0.03515276305747365,0.014114934214420735,0.004869336917937562,0.04188369898421243,0.13602916422897793,0.07493937673982855,0.02951863969132053,0.11137943715759493,0.1138937760995045,0.06555609913312894,0.07518986619076076,0.04318112429016348,0.06358254676245667
presence_of_nav,-0.32072148910227705,0.0620661999031501,-0.015464826783615675,-0.09013338754257881,-0.16731936412623086,-0.12255400231279888,1.0,0.06261308860549748,0.2702073563788347,0.12050388683959094,-0.15947215690509306,-0.0873585907875252,-0.1892069895256437,0.11878238676218372,0.2049386009753463,0.17740073509210524,0.16378887574865592,0.005855934279688401,0.06570815822539403,-0.007282187504914006,0.10428333962021204,0.26395268711390835,0.03982255277915707,0.19705423360165808,0.1410623909784046,0.22682894339312837,-0.05443673886709126,-0.21912824020917482,0.03837381419880346,-0.06975548530322943,0.01944697820166295,0.07133648263472517,0.08875801135093683,0.04286715104770793,0.033602727001892756,0.059580339642461025,0.06890074607916227,0.13137540880989498,-0.057901617011901586,0.00554235843339605,0.07962847969737166,0.025768326216189165,0.06263778542104013,0.024129929154257393
text_alpha_length,-0.08461143447401887,0.0464723276520745,0.0033038066356034642,-0.028224911671188596,-0.05449555095742776,-0.04630283316976958,0.06261308860549748,1.0,0.15625492415158063,0.6527646983518842,-0.020199409478971777,0.0763547414174717,-0.048238802402430704,0.06779589323368088,0.04703608816090609,0.6521654672830539,0.29265112816407457,0.01986083449400535,0.30420354104238534,-0.01723720854037915,0.06659558709888343,-0.028980945721299913,0.9936235702072054,0.08621909011042513,0.07404001453275721,0.06780661861104124,0.20380668021493176,-0.045457949099572036,-0.0030384515127442314,-0.006813322849184369,0.09806529435435356,0.012264680043325468,0.036778385234829375,0.31881698954745963,0.0005455563571632384,0.06948554090959522,0.004492888929328959,0.11264556081387152,-0.0113916181003818,0.01103060535140063,0.3373879630635818,0.07061077551940552,0.027087790960398327,0.003338384719063216
number_frames,-0.18299522676012175,0.1393225157951427,0.05100310017375283,0.11521462889885142,-0.12402967744522907,-0.11255322348318678,0.2702073563788347,0.15625492415158063,1.0,0.17629982909358027,-0.008360075398835256,-0.011998675053446584,-0.08442095660863518,0.282656329473197,0.17052605280354197,0.3055178764235208,0.18842414684645717,0.09761628941531347,0.12822082259840603,0.06815533593647187,0.18405397050498504,0.1923950568520502,0.126558035529376,0.29813005895263195,0.24102241820470088,0.3135928081333862,0.014873984442031198,-0.15408654742648845,0.07581755263539093,0.0659296036624229,0.037314114706052545,0.07799403614491945,0.059189966538023886,0.10667902799302445,0.09139610040585132,0.15521361827402266,0.014128760671615746,0.19392999848733017,0.003937298515696045,-0.03195472875064883,0.14828764909351566,-0.01904822205616108,-0.0037705888997222508,0.0013287826581551278
number_images,-0.16998962223544414,0.0696158170737406,0.04579583305138577,0.018887684850432733,-0.11044672238014336,-0.10415612730472334,0.12050388683959094,0.6527646983518842,0.17629982909358027,1.0,-0.05723964545543705,0.06046012325436103,-0.09861666145973032,0.12390528631843482,0.07070014768025704,0.6487935865101846,0.26231977381925475,0.024292834018008073,0.4551892266782802,0.019409925658091673,0.10294091150126726,0.18159622035676132,0.6256552743173786,0.0793339186012106,0.05574583931336417,0.0903988376355714,0.14798197868482796,-0.09616511855491586,0.012798310667085507,0.012835485045323392,0.12491771920698463,0.1250599768593486,0.06119993497222147,0.16430965007317636,0.020490987178358643,0.03650093831647889,0.01735877856301087,0.09324474402478954,-0.008031555961467865,-0.015321289833139485,0.2052710485705911,0.027177299375087668,0.018829621746614615,-0.007634728644384023
domain_in_title,0.4144823490991,0.01952598308265145,0.027230880776529496,0.32462887894394443,0.1646681788083416,0.1618122798833037,-0.15947215690509306,-0.020199409478971777,-0.008360075398835256,-0.05723964545543705,1.0,0.3857854929302508,0.39105206237992574,0.020513475747606365,-0.009105117031120123,0.01840145186990832,0.0721816400346351,0.14347162466330307,-0.029806826905531107,0.17916420975701922,0.10119603516595742,0.001543921692706194,-0.026669525192991896,0.10258429073688427,0.12066581519863677,0.03389617411870103,-0.014366928526160982,-0.06418097045815739,-0.009719672050352695,0.06165464247013796,0.04137681707653888,0.009966497691877846,0.017201321224413837,-0.030708315919974017,-0.05244907707385663,-0.050284759391070924,-0.05022647171110252,-0.03953627486752213,0.08531679606835106,0.038249650803792695,0.014519982986042318,0.008716086178367928,-0.011096517057124512,-0.04622175271477883
domain_in_text,0.18484710035652607,-0.02160139473184978,0.026112272082113957,0.12914263065500256,0.06818887717085112,0.05924901508659508,-0.0873585907875252,0.0763547414174717,-0.011998675053446584,0.06046012325436103,0.3857854929302508,1.0,0.16429758765989153,0.004892052727674079,-0.11383899989211761,0.059794217136344974,0.05763012138124352,0.052365873602329055,-0.0023011268237220772,0.054306507551827816,-0.0010281224070094596,0.030025233080477148,0.07197884830650206,-0.04714491283139667,-0.039757654502909655,-0.08452275652178506,0.020948969003419343,-0.08668186621873204,0.03891423135065236,0.04578982753020164,-0.011054312501828357,-0.01962051765978745,-0.01282765627235838,0.06986734771974627,-0.06991215860441363,0.0547040605872463,-0.03345819089216593,-0.0327065353304166,-0.031436817609662264,0.009903292937848742,-0.006266697939648275,-0.01059571118685681,-0.034963899087823984,-0.06053855110496295
in_warninglist,0.58114100637264,-0.0206807001766657,0.13141142360819122,0.3474030583535261,0.177292211949636,0.1654748751941437,-0.1892069895256437,-0.048238802402430704,-0.08442095660863518,-0.09861666145973032,0.39105206237992574,0.16429758765989153,1.0,-0.08398658898157922,-0.17023781219304704,-0.12059211641409613,-0.0716145921729333,0.22396692698128676,-0.09000191801872577,0.21369040790364957,0.11424851512917214,-0.07149189856143857,-0.037391833174239324,0.011304276049240145,0.02116322389805615,-0.12057831737604141,0.09206707236361335,0.11583967619874254,-0.013767363085329425,0.10015478397924223,-0.046853097731424785,-0.03171981886036304,-0.006180068371436893,-0.02326590142036973,0.05159496099701202,-0.003812070184093532,-0.030596693545919856,-0.043327831788524965,0.10087107672577628,-0.01984590717740226,-0.06282020797201636,-0.016141383426421425,-0.027294350718650422,-0.04480170177996003
number_redirects,-0.12564395978460366,0.04279806971206545,0.0011873688671313338,-0.0010429072707465884,-0.09838914668288792,-0.10377837460675658,0.11878238676218372,0.06779589323368088,0.282656329473197,0.12390528631843482,0.020513475747606365,0.004892052727674079,-0.08398658898157922,1.0,0.13285555955882764,0.1848827435947306,0.1482880849634311,0.03941722070133744,0.13234574784810277,0.04138946774154977,0.13540888944436702,0.1790456145207347,0.04153783411860931,0.17903938045974058,0.13917428356990857,0.15249053154870917,0.05027280310625996,-0.08643162066122212,0.009997930737463414,0.020676818741076432,0.09676918323560388,0.02746104773451544,0.04100766530810351,0.02917993445364757,0.008376082045951213,0.022455674997645825,-0.009870071426501995,0.03574303147256181,-0.006180557942261548,-0.022078157814409156,0.025409266453483806,-0.016266183850907844,-0.015810137478670463,0.01633524145485796
different_final_domain,-0.10198049650098678,0.13505342961924044,0.0736583266437938,0.05370134884578562,-0.04636431355786106,-0.016056833392191647,0.2049386009753463,0.04703608816090609,0.17052605280354197,0.07070014768025704,-0.009105117031120123,-0.11383899989211761,-0.17023781219304704,0.13285555955882764,1.0,0.12563914275511967,0.06675728682038463,0.07847983222084678,0.10838137006494185,0.058086363918111256,0.1255137760608324,0.06932015302535864,0.034837317411969,0.6957751802250395,0.6771493387999739,0.8971400834577169,-0.1687743495844505,-0.2041442415392993,0.0019260953944116015,0.04101944226968295,0.11819951850926586,0.06655259902588383,0.12404342132231533,0.04573340081796425,0.09240354180691678,0.1481360817273056,0.016438813272923593,0.15784699462816176,0.022459452466321014,-0.017562401533354813,0.12181508783605009,-0.010238386028323441,0.006315472251734997,0.011661806308537243
number_links,-0.2030304421108788,0.12535838644363886,0.030866820775827176,-0.016657694210039826,-0.12487124885503939,-0.11037538443450685,0.17740073509210524,0.6521654672830539,0.3055178764235208,0.6487935865101846,0.01840145186990832,0.059794217136344974,-0.12059211641409613,0.1848827435947306,0.12563914275511967,1.0,0.6349726043207032,0.038678704970331865,0.6128557476472841,0.010975198544700885,0.13083926076179578,0.2992850188759931,0.5754888268721287,0.1486543611290862,0.11727440655530842,0.147939717532614,0.12962420303002223,-0.110872967436733,0.008816081285614214,-0.0010135791493057064,0.10072300833234848,0.09136227362934182,0.10557815642357483,0.13163127358815088,0.021858172344302467,0.1088061446912377,0.00513573438339547,0.13791860498677408,-0.029561075212211768,0.008329488728753392,0.30029960732372357,0.05178774325248854,0.03544230236191505,0.05004383621491879
number_link_same_domain,-0.1332242532044565,0.03691592927734084,0.0299503818740973,-0.018035824814874913,-0.09475655234620936,-0.06386860906026215,0.16378887574865592,0.29265112816407457,0.18842414684645717,0.26231977381925475,0.0721816400346351,0.05763012138124352,-0.0716145921729333,0.1482880849634311,0.06675728682038463,0.6349726043207032,1.0,0.04631151033475907,0.07173292048857974,0.08340676099636599,0.11717476664878136,0.2611535859563786,0.21772572399391832,0.09625861190751585,0.07187324975973465,0.0795130352691476,0.14330787567578746,-0.07183053906036718,0.03624630165227391,0.0010602188553943443,0.01718530572855741,0.10452208659817606,0.07117962274721727,0.08065253293051804,0.015400828651800234,0.03938774207040096,0.0037269771941362113,0.06923909016446414,-0.020793000987705347,0.04585574415315731,0.11160618406943495,0.07312207774402568,0.037540496370489354,0.033154132017971544
average_link_length_same_domain,0.07510786105296872,0.023084610539638936,0.004353666294376894,0.05837538828571774,-0.03781152464660095,-0.03178357367236664,0.005855934279688401,0.01986083449400535,0.09761628941531347,0.024292834018008073,0.14347162466330307,0.052365873602329055,0.22396692698128676,0.03941722070133744,0.07847983222084678,0.038678704970331865,0.04631151033475907,1.0,0.015011273103541075,0.8589987218692133,0.810855629812873,0.11122245028934918,0.015754959949057592,0.09800958909784485,0.10035135186275791,0.07879742780361922,0.010178983099456244,-0.06257428964388122,0.01451838689401872,0.010138569340078764,0.04683151988207832,0.01956322899674063,0.01306127793510816,0.00656672349700824,0.009222306977454407,0.018651927352776678,-0.00977701621680779,0.018669056191797043,0.020811232699449303,-0.011326835763660219,0.0005306915811003217,-0.0035691678470801845,-0.005967775603176221,-0.013451752132510653
number_different_link_domains,-0.13870763918660964,0.03608445288998245,0.013018936066866084,-0.015635793085422733,-0.06595181289965875,-0.07900994999157879,0.06570815822539403,0.30420354104238534,0.12822082259840603,0.4551892266782802,-0.029806826905531107,-0.0023011268237220772,-0.09000191801872577,0.13234574784810277,0.10838137006494185,0.6128557476472841,0.07173292048857974,0.015011273103541075,1.0,-0.00942556411607558,0.09192665177940675,0.30978586680321357,0.2560134910646152,0.09938144018103333,0.07084403119140584,0.11046063088583627,0.06427692832115178,-0.07462073207040212,-0.0061367496508860425,0.008036244290020754,0.11292050950745845,0.05174731109043919,0.07975801852361723,0.05418693883441397,0.029929589337470672,0.07436302996545924,-0.0024107560996236847,0.06894258916557258,-0.008096957990499596,-0.02155733451844897,0.214986877019462,-0.0006048437322535017,0.01551717227115886,0.04968273276076693
average_link_length,0.1356690411147018,0.07139552717905319,0.057438770011571695,0.08897571626237898,0.008983722585096028,0.007269817357729237,-0.007282187504914006,-0.01723720854037915,0.06815533593647187,0.019409925658091673,0.17916420975701922,0.054306507551827816,0.21369040790364957,0.04138946774154977,0.058086363918111256,0.010975198544700885,0.08340676099636599,0.8589987218692133,-0.00942556411607558,1.0,0.8150305782962208,0.17071294704768705,-0.0227158844209907,0.1160119871056287,0.09532906920546716,0.058479833802863104,0.07230366582280673,-0.04361064411607201,0.032629644428460496,0.03359969993151672,0.08119141216899207,0.024387105293659117,0.026699386110138307,0.0005292562306834478,0.046166332126138875,0.02568315524594851,-0.025169313566709654,0.03426378556084175,-0.003898865796496617,0.01627879745086664,-0.02801486485404669,0.012542408339350823,0.007173255004174596,-0.013811801888504512
maximum_link_length,-0.012179667591823717,0.11527606644706315,0.07733882138276413,0.06933873174851797,-0.06976294674736644,-0.05998956044399715,0.10428333962021204,0.06659558709888343,0.18405397050498504,0.10294091150126726,0.10119603516595742,-0.0010281224070094596,0.11424851512917214,0.13540888944436702,0.1255137760608324,0.13083926076179578,0.11717476664878136,0.810855629812873,0.09192665177940675,0.8150305782962208,1.0,0.20851828157142732,0.054338916433386966,0.1869019052904435,0.15439704114730662,0.1457028137497841,0.055986196326976254,-0.10597418795922721,0.01837573182514958,0.04884385046619459,0.1041721470233042,0.06053172052519496,0.061976482795408176,0.06575091983185499,0.0379070340790188,0.048736464931557234,-0.0022056985963006164,0.1078817916935676,0.023400746183741515,0.00430061191331069,0.017715450806911316,0.01066483961795369,0.018585499093328343,-0.013967537312192444
link_to_text_ratio,-0.21528344204266267,0.0671718156565629,0.004092608533807814,-0.05782127285779916,-0.19752681548805687,-0.17303455985073507,0.26395268711390835,-0.028980945721299913,0.1923950568520502,0.18159622035676132,0.001543921692706194,0.030025233080477148,-0.07149189856143857,0.1790456145207347,0.06932015302535864,0.2992850188759931,0.2611535859563786,0.11122245028934918,0.30978586680321357,0.17071294704768705,0.20851828157142732,1.0,-0.08017707074518136,0.05288123031114508,0.007600597685656792,0.11175877715590403,0.012477003948970776,-0.16908934778305268,0.055085013331823335,-0.017149654686101988,0.021800290917223863,0.10618737423998775,0.04322282314493643,-0.029381405892565562,0.026679051982867186,-0.04205315113573783,0.01069970368212266,0.061691932782708375,-0.06757286137282524,-0.02594695378551031,-0.010319365568589417,-0.02032921738683806,-0.03090402390040757,-0.009324511668506643
number_non_link_characters,-0.06577146815131024,0.040417581927022446,-8.324267935801953e-05,-0.026057319005902423,-0.04314257504540832,-0.03644444558886504,0.03982255277915707,0.9936235702072054,0.126558035529376,0.6256552743173786,-0.026669525192991896,0.07197884830650206,-0.037391833174239324,0.04153783411860931,0.034837317411969,0.5754888268721287,0.21772572399391832,0.015754959949057592,0.2560134910646152,-0.0227158844209907,0.054338916433386966,-0.08017707074518136,1.0,0.0730540662470773,0.06529535883423446,0.055167037672626935,0.19655101690001106,-0.03602054864639224,-0.004934736214002362,-0.006129839952033342,0.09491705981883354,-0.001250498638719764,0.025446375285880122,0.3276387673386893,-0.0023492447564225573,0.0629546688806983,0.004547347256084221,0.10654482272245283,-0.008439219054433367,0.009616153090636166,0.3219225281227318,0.06804390770509583,0.02478366268068942,-0.005209037545231711
third_party_requests_ratio,0.02670768384317114,0.13342055118812368,0.10118492904250449,0.18986716361764736,0.011843830531770606,0.03280526604543898,0.19705423360165808,0.08621909011042513,0.29813005895263195,0.0793339186012106,0.10258429073688427,-0.04714491283139667,0.011304276049240145,0.17903938045974058,0.6957751802250395,0.1486543611290862,0.09625861190751585,0.09800958909784485,0.09938144018103333,0.1160119871056287,0.1869019052904435,0.05288123031114508,0.0730540662470773,1.0,0.9272207261958266,0.7570129825037948,-0.031142220987473254,-0.31574113711430324,0.0376026708523603,0.08537074921717729,0.11297748557317151,0.06893459007385802,0.1111706764159323,0.06130296929728476,0.10491086784215226,0.17508129870224967,-0.01455840957055019,0.15419024330771636,0.08517407367079025,0.00998208906643434,0.10528403284760565,-0.006444943693723776,-0.005615548960754498,-0.021708456453681
third_party_data_ratio,0.05297477553717151,0.11212953703342601,0.053277551261190485,0.1748594936055398,0.014379609202095984,0.028063618013234006,0.1410623909784046,0.07404001453275721,0.24102241820470088,0.05574583931336417,0.12066581519863677,-0.039757654502909655,0.02116322389805615,0.13917428356990857,0.6771493387999739,0.11727440655530842,0.07187324975973465,0.10035135186275791,0.07084403119140584,0.09532906920546716,0.15439704114730662,0.007600597685656792,0.06529535883423446,0.9272207261958266,1.0,0.7311332436867656,-0.13266078914831883,-0.3330804543390837,0.037561582926389434,0.06532570782660158,0.09939410472668261,0.059999790717476756,0.09622605847532752,0.04642964773281201,0.051129235618269944,0.1401658945373003,-0.019334564180318994,0.1283425004316685,0.06236685298857907,0.01256742082062841,0.0888606070692575,-0.0013742008707690102,-0.011876725877905694,-0.028516290669236243
third_party_html_content_ratio,-0.10044875397895135,0.12535885509763667,0.06530242726667151,0.05969581752055513,-0.07157005209758885,-0.04610173428762729,0.22682894339312837,0.06780661861104124,0.3135928081333862,0.0903988376355714,0.03389617411870103,-0.08452275652178506,-0.12057831737604141,0.15249053154870917,0.8971400834577169,0.147939717532614,0.0795130352691476,0.07879742780361922,0.11046063088583627,0.058479833802863104,0.1457028137497841,0.11175877715590403,0.055167037672626935,0.7570129825037948,0.7311332436867656,1.0,-0.17680507701924794,-0.25589678941230676,0.04546684780413744,0.034505420190098474,0.10586236523960917,0.05352575474420977,0.11039619996839684,0.057077318788664955,0.07885401384091333,0.13996200222990882,0.002397837992522892,0.14560762927348211,-0.0030298171497713665,-0.008973533152561433,0.12457459687365756,-0.002112627831489277,0.0032369774061437244,-0.0026847373315058345
initial_response_size,0.10495869830691688,0.010285338781202476,0.16267825270175243,0.020292669755029753,0.0455776936643093,0.052574415740525265,-0.05443673886709126,0.20380668021493176,0.014873984442031198,0.14798197868482796,-0.014366928526160982,0.020948969003419343,0.09206707236361335,0.05027280310625996,-0.1687743495844505,0.12962420303002223,0.14330787567578746,0.010178983099456244,0.06427692832115178,0.07230366582280673,0.055986196326976254,0.012477003948970776,0.19655101690001106,-0.031142220987473254,-0.13266078914831883,-0.17680507701924794,1.0,0.26900658432437524,0.00027652141850069434,0.07180382797147943,-0.0050085846026420204,-0.0037244854080808517,-0.019336541859854905,0.11017155121910606,0.1424314215237327,0.07922197492310905,0.0506934075049864,0.029929869877375444,0.008488018404492365,0.028749140226715472,0.03723191661039203,0.038324368977519147,0.036263759032231155,0.0016520518251061927
initial_response_ratio,0.1666214164298819,-0.04362935212496593,0.08439778589876354,-0.043901357276619944,0.13104284938949318,0.12404060141472226,-0.21912824020917482,-0.045457949099572036,-0.15408654742648845,-0.09616511855491586,-0.06418097045815739,-0.08668186621873204,0.11583967619874254,-0.08643162066122212,-0.2041442415392993,-0.110872967436733,-0.07183053906036718,-0.06257428964388122,-0.07462073207040212,-0.04361064411607201,-0.10597418795922721,-0.16908934778305268,-0.03602054864639224,-0.31574113711430324,-0.3330804543390837,-0.25589678941230676,0.26900658432437524,1.0,-0.012732939165067344,0.023432645882788036,-0.05591011508255646,-0.038990439986183414,-0.042310096608681784,-0.031783118158647,0.06905152643962154,0.004296477123376412,-0.031750890109686354,-0.06076827448332988,-0.030685375372674885,0.002263910378424451,-0.056914883234001984,-0.006580311500440789,-0.020069395922302974,-0.029739850951152662
kword_auction,-0.00394868773370416,0.02833372874169427,0.04976708755149574,0.11488443276186204,0.0025651302575322816,0.0027882381914567183,0.03837381419880346,-0.0030384515127442314,0.07581755263539093,0.012798310667085507,-0.009719672050352695,0.03891423135065236,-0.013767363085329425,0.009997930737463414,0.0019260953944116015,0.008816081285614214,0.03624630165227391,0.01451838689401872,-0.0061367496508860425,0.032629644428460496,0.01837573182514958,0.055085013331823335,-0.004934736214002362,0.0376026708523603,0.037561582926389434,0.04546684780413744,0.00027652141850069434,-0.012732939165067344,1.0,0.06644703730779115,0.041593809218667864,-0.0008041332849396684,0.002273745459556472,0.005748101287318244,0.17466523969939712,0.020949769000406737,0.0008607017471295176,0.02291736433510809,0.013767035928023322,-0.003865775985579552,-0.004625691896046567,-0.003144173348494893,0.0010555477956684118,0.008330734979021795
kword_domain,0.12747090832328395,0.30789754278589615,0.3317982182541308,0.27390234382998996,0.11962802581814132,0.12071521094950628,-0.06975548530322943,-0.006813322849184369,0.0659296036624229,0.012835485045323392,0.06165464247013796,0.04578982753020164,0.10015478397924223,0.020676818741076432,0.04101944226968295,-0.0010135791493057064,0.0010602188553943443,0.010138569340078764,0.008036244290020754,0.03359969993151672,0.04884385046619459,-0.017149654686101988,-0.006129839952033342,0.08537074921717729,0.06532570782660158,0.034505420190098474,0.07180382797147943,0.023432645882788036,0.06644703730779115,1.0,0.2376996664717122,0.12421406803754848,0.1372405853781741,0.0653271985275901,0.16092930056141386,0.4268380551974847,0.06344992210893373,0.29002746370402677,0.18856628292744348,0.0377626515802034,0.07579677976197416,0.033472873746359454,0.035916790142406285,0.012042976465566816
kword_regist,-0.028471186382438302,0.2514274761184634,0.29581753810644756,0.2206330105683223,0.00471478159354568,0.012955241028048528,0.01944697820166295,0.09806529435435356,0.037314114706052545,0.12491771920698463,0.04137681707653888,-0.011054312501828357,-0.046853097731424785,0.09676918323560388,0.11819951850926586,0.10072300833234848,0.01718530572855741,0.04683151988207832,0.11292050950745845,0.08119141216899207,0.1041721470233042,0.021800290917223863,0.09491705981883354,0.11297748557317151,0.09939410472668261,0.10586236523960917,-0.0050085846026420204,-0.05591011508255646,0.041593809218667864,0.2376996664717122,1.0,0.2428251280689745,0.09491035053097528,0.16586474739208498,0.04380965225317958,0.28444815233562915,0.11113143108102333,0.21592106241466577,0.3551085489234348,0.007361268310771067,0.11422053216487964,0.010167973086595597,-0.002549748272914743,0.09051930032242066
kword_price,-0.05455285346360431,0.1792741441885825,0.4446758946165728,0.17993073807885365,-0.038454182363388587,-0.03515276305747365,0.07133648263472517,0.012264680043325468,0.07799403614491945,0.1250599768593486,0.009966497691877846,-0.01962051765978745,-0.03171981886036304,0.02746104773451544,0.06655259902588383,0.09136227362934182,0.10452208659817606,0.01956322899674063,0.05174731109043919,0.024387105293659117,0.06053172052519496,0.10618737423998775,-0.001250498638719764,0.06893459007385802,0.059999790717476756,0.05352575474420977,-0.0037244854080808517,-0.038990439986183414,-0.0008041332849396684,0.12421406803754848,0.2428251280689745,1.0,0.2377676459343832,0.03285790841093101,0.050925408055931355,0.11900886675963797,0.05891648905930755,0.21037930389726142,0.12390580634997413,-0.012008624585493467,0.01867162192806321,-0.008783429229938074,-0.007489721829276784,0.011505273316437935
kword_offer,-0.026717670015989143,0.1945587603105007,0.24545604525837847,0.18010322177162547,0.04777132393175471,0.014114934214420735,0.08875801135093683,0.036778385234829375,0.059189966538023886,0.06119993497222147,0.017201321224413837,-0.01282765627235838,-0.006180068371436893,0.04100766530810351,0.12404342132231533,0.10557815642357483,0.07117962274721727,0.01306127793510816,0.07975801852361723,0.026699386110138307,0.061976482795408176,0.04322282314493643,0.025446375285880122,0.1111706764159323,0.09622605847532752,0.11039619996839684,-0.019336541859854905,-0.042310096608681784,0.002273745459556472,0.1372405853781741,0.09491035053097528,0.2377676459343832,1.0,0.02250584512803075,0.09332041799973366,0.09672660840726699,0.06770955668017131,0.42760443244869706,0.1136006246091843,-0.010547584021182579,0.06559509908106588,-0.004272904624810234,0.00465808105193768,0.1261557373944376
kword_servic,-0.043057634573658486,0.5690014050345554,0.06543873842045116,0.11058911101841006,-0.006091284843802643,0.004869336917937562,0.04286715104770793,0.31881698954745963,0.10667902799302445,0.16430965007317636,-0.030708315919974017,0.06986734771974627,-0.02326590142036973,0.02917993445364757,0.04573340081796425,0.13163127358815088,0.08065253293051804,0.00656672349700824,0.05418693883441397,0.0005292562306834478,0.06575091983185499,-0.029381405892565562,0.3276387673386893,0.06130296929728476,0.04642964773281201,0.057077318788664955,0.11017155121910606,-0.031783118158647,0.005748101287318244,0.0653271985275901,0.16586474739208498,0.03285790841093101,0.02250584512803075,1.0,0.03656228542774495,0.0538955050117301,0.11952278568239368,0.4964665647105309,0.04898698534526456,0.008766810085216537,0.12848342905878293,0.029863727700598905,0.019467196324265145,0.054005592554008074
kword_host,-0.004501131325222266,0.12389099046584363,0.2996442724591458,0.12039508113251203,0.042171875949137745,0.04188369898421243,0.033602727001892756,0.0005455563571632384,0.09139610040585132,0.020490987178358643,-0.05244907707385663,-0.06991215860441363,0.05159496099701202,0.008376082045951213,0.09240354180691678,0.021858172344302467,0.015400828651800234,0.009222306977454407,0.029929589337470672,0.046166332126138875,0.0379070340790188,0.026679051982867186,-0.0023492447564225573,0.10491086784215226,0.051129235618269944,0.07885401384091333,0.1424314215237327,0.06905152643962154,0.17466523969939712,0.16092930056141386,0.04380965225317958,0.050925408055931355,0.09332041799973366,0.03656228542774495,1.0,0.16706356337611186,0.04312065140856918,0.1376694336667818,0.034586794714159846,0.0007494428581167056,0.12523932548946334,-0.00028918892358738356,0.05512540038628229,0.011196502323499039
kword_websit,-0.019781541259728648,0.25157011299202214,0.342032821201604,0.1640642361073851,0.11389405718342732,0.13602916422897793,0.059580339642461025,0.06948554090959522,0.15521361827402266,0.03650093831647889,-0.050284759391070924,0.0547040605872463,-0.003812070184093532,0.022455674997645825,0.1481360817273056,0.1088061446912377,0.03938774207040096,0.018651927352776678,0.07436302996545924,0.02568315524594851,0.048736464931557234,-0.04205315113573783,0.0629546688806983,0.17508129870224967,0.1401658945373003,0.13996200222990882,0.07922197492310905,0.004296477123376412,0.020949769000406737,0.4268380551974847,0.28444815233562915,0.11900886675963797,0.09672660840726699,0.0538955050117301,0.16706356337611186,1.0,0.09095550704564288,0.32465013856843666,0.23255193521305711,-0.008064464056684467,0.1276433628585423,-0.0054517335037286355,-0.014629056912857026,0.03806408448956946
kword_contact,-0.04694642067804369,0.13512190537859284,0.09046072873270722,0.1457582281908307,0.0652463651291303,0.07493937673982855,0.06890074607916227,0.004492888929328959,0.014128760671615746,0.01735877856301087,-0.05022647171110252,-0.03345819089216593,-0.030596693545919856,-0.009870071426501995,0.016438813272923593,0.00513573438339547,0.0037269771941362113,-0.00977701621680779,-0.0024107560996236847,-0.025169313566709654,-0.0022056985963006164,0.01069970368212266,0.004547347256084221,-0.01455840957055019,-0.019334564180318994,0.002397837992522892,0.0506934075049864,-0.031750890109686354,0.0008607017471295176,0.06344992210893373,0.11113143108102333,0.05891648905930755,0.06770955668017131,0.11952278568239368,0.04312065140856918,0.09095550704564288,1.0,0.1512943484766587,0.07250660761007147,-0.0038221680227355274,0.1432045357817162,0.007913191089479977,0.1038687180682466,0.49297095791525375
kword_site,-0.08871353832641973,0.7453012392483931,0.2607547133303623,0.23608155256041868,0.012918396013342916,0.02951863969132053,0.13137540880989498,0.11264556081387152,0.19392999848733017,0.09324474402478954,-0.03953627486752213,-0.0327065353304166,-0.043327831788524965,0.03574303147256181,0.15784699462816176,0.13791860498677408,0.06923909016446414,0.018669056191797043,0.06894258916557258,0.03426378556084175,0.1078817916935676,0.061691932782708375,0.10654482272245283,0.15419024330771636,0.1283425004316685,0.14560762927348211,0.029929869877375444,-0.06076827448332988,0.02291736433510809,0.29002746370402677,0.21592106241466577,0.21037930389726142,0.42760443244869706,0.4964665647105309,0.1376694336667818,0.32465013856843666,0.1512943484766587,1.0,0.09341195541929768,0.0006653502436733802,0.16603665557833064,0.01609232429136725,0.0822301222922191,0.09506382548150683
kword_transfer,0.07916704818824194,0.10245037812234051,0.14365150949469077,0.3009728640550334,0.08482271606051954,0.11137943715759493,-0.057901617011901586,-0.0113916181003818,0.003937298515696045,-0.008031555961467865,0.08531679606835106,-0.031436817609662264,0.10087107672577628,-0.006180557942261548,0.022459452466321014,-0.029561075212211768,-0.020793000987705347,0.020811232699449303,-0.008096957990499596,-0.003898865796496617,0.023400746183741515,-0.06757286137282524,-0.008439219054433367,0.08517407367079025,0.06236685298857907,-0.0030298171497713665,0.008488018404492365,-0.030685375372674885,0.013767035928023322,0.18856628292744348,0.3551085489234348,0.12390580634997413,0.1136006246091843,0.04898698534526456,0.034586794714159846,0.23255193521305711,0.07250660761007147,0.09341195541929768,1.0,0.013580996830249407,0.138070990302706,0.021754027552593577,0.007683464892763963,0.08545288261495251
kword_héberge,0.0645151458865607,-0.00025322927091659384,-0.007677595791297335,0.011312803115998218,0.06054424425741211,0.1138937760995045,0.00554235843339605,0.01103060535140063,-0.03195472875064883,-0.015321289833139485,0.038249650803792695,0.009903292937848742,-0.01984590717740226,-0.022078157814409156,-0.017562401533354813,0.008329488728753392,0.04585574415315731,-0.011326835763660219,-0.02155733451844897,0.01627879745086664,0.00430061191331069,-0.02594695378551031,0.009616153090636166,0.00998208906643434,0.01256742082062841,-0.008973533152561433,0.028749140226715472,0.002263910378424451,-0.003865775985579552,0.0377626515802034,0.007361268310771067,-0.012008624585493467,-0.010547584021182579,0.008766810085216537,0.0007494428581167056,-0.008064464056684467,-0.0038221680227355274,0.0006653502436733802,0.013580996830249407,1.0,0.3814586217180967,0.9440856384120095,0.7298786954748018,0.09417900498465857
kword_internet,-0.059985231146805165,0.08491009166242473,0.09220773161590845,0.06644748660390994,-0.05317897232022915,0.06555609913312894,0.07962847969737166,0.3373879630635818,0.14828764909351566,0.2052710485705911,0.014519982986042318,-0.006266697939648275,-0.06282020797201636,0.025409266453483806,0.12181508783605009,0.30029960732372357,0.11160618406943495,0.0005306915811003217,0.214986877019462,-0.02801486485404669,0.017715450806911316,-0.010319365568589417,0.3219225281227318,0.10528403284760565,0.0888606070692575,0.12457459687365756,0.03723191661039203,-0.056914883234001984,-0.004625691896046567,0.07579677976197416,0.11422053216487964,0.01867162192806321,0.06559509908106588,0.12848342905878293,0.12523932548946334,0.1276433628585423,0.1432045357817162,0.16603665557833064,0.138070990302706,0.3814586217180967,1.0,0.41645254034541934,0.37056355720906803,0.1368646600250462
kword_serveur,0.015533004653693644,0.006838358165186636,-0.0035973387516891014,0.011491728241571783,0.012820670679395876,0.07518986619076076,0.025768326216189165,0.07061077551940552,-0.01904822205616108,0.027177299375087668,0.008716086178367928,-0.01059571118685681,-0.016141383426421425,-0.016266183850907844,-0.010238386028323441,0.05178774325248854,0.07312207774402568,-0.0035691678470801845,-0.0006048437322535017,0.012542408339350823,0.01066483961795369,-0.02032921738683806,0.06804390770509583,-0.006444943693723776,-0.0013742008707690102,-0.002112627831489277,0.038324368977519147,-0.006580311500440789,-0.003144173348494893,0.033472873746359454,0.010167973086595597,-0.008783429229938074,-0.004272904624810234,0.029863727700598905,-0.00028918892358738356,-0.0054517335037286355,0.007913191089479977,0.01609232429136725,0.021754027552593577,0.9440856384120095,0.41645254034541934,1.0,0.7669496743512502,0.08434988488579487
kword_découvr,-0.016812295879856238,0.03921338347099327,0.0035085402196283855,0.04284709418403519,0.003924029733144423,0.04318112429016348,0.06263778542104013,0.027087790960398327,-0.0037705888997222508,0.018829621746614615,-0.011096517057124512,-0.034963899087823984,-0.027294350718650422,-0.015810137478670463,0.006315472251734997,0.03544230236191505,0.037540496370489354,-0.005967775603176221,0.01551717227115886,0.007173255004174596,0.018585499093328343,-0.03090402390040757,0.02478366268068942,-0.005615548960754498,-0.011876725877905694,0.0032369774061437244,0.036263759032231155,-0.020069395922302974,0.0010555477956684118,0.035916790142406285,-0.002549748272914743,-0.007489721829276784,0.00465808105193768,0.019467196324265145,0.05512540038628229,-0.014629056912857026,0.1038687180682466,0.0822301222922191,0.007683464892763963,0.7298786954748018,0.37056355720906803,0.7669496743512502,1.0,0.18672231086882296
